5
107   223   177   223
177   223   107   243
107   243   37   223
37   223   107   203
107   203   107   223
37   203
177   243


5
107   195   177   195
177   195   107   215
107   215   37   195
37   195   107   175
107   175   107   195
37   175
177   215


5
193   195   263   195
263   195   193   215
193   215   123   195
123   195   193   175
193   175   193   195
123   175
263   215


5
193   223   263   223
263   223   193   243
193   243   123   223
123   223   193   203
193   203   193   223
123   203
263   243


17
85   219   81   223
81   223   81   223
81   223   79   219
79   219   79   219
79   219   81   214
81   214   81   214
81   214   85   213
85   213   85   213
85   213   89   215
89   215   89   215
89   215   91   219
91   219   91   219
91   219   89   223
89   223   89   223
89   223   85   225
85   225   85   225
85   225   85   219
79   213
91   225


17
174   162   170   165
170   165   170   165
170   165   169   162
169   162   169   162
169   162   170   158
170   158   170   158
170   158   174   157
174   157   174   157
174   157   178   158
178   158   178   158
178   158   179   162
179   162   179   162
179   162   178   165
178   165   178   165
178   165   174   167
174   167   174   167
174   167   174   162
169   157
179   167


17
174   128   170   131
170   131   170   131
170   131   169   128
169   128   169   128
169   128   170   124
170   124   170   124
170   124   174   123
174   123   174   123
174   123   178   124
178   124   178   124
178   124   179   128
179   128   179   128
179   128   178   131
178   131   178   131
178   131   174   133
174   133   174   133
174   133   174   128
169   123
179   133


8
193   117   193   128
193   128   200   125
200   125   218   117
218   117   197   114
197   114   193   109
193   109   189   112
189   112   161   117
161   117   193   117
161   109
218   128


8
197   162   193   151
193   151   204   154
204   154   222   162
222   162   201   165
201   165   197   170
197   170   193   167
193   167   169   162
169   162   197   162
169   151
222   170


5
232   117   232   162
232   162   255   117
255   117   232   73
232   73   209   117
209   117   232   117
209   73
255   162


5
232   164   232   180
232   180   255   164
255   164   232   148
232   148   209   164
209   164   232   164
209   148
255   180


5
90   114   90   137
90   137   128   114
128   114   90   90
90   90   52   114
52   114   90   114
52   90
128   137


11
90   142   90   171
90   171   97   142
97   142   90   135
90   135   100   142
100   142   90   149
90   149   98   142
98   142   90   135
90   135   103   142
103   142   90   120
90   120   52   142
52   142   90   142
52   120
103   171


5
115   66   115   95
115   95   145   66
145   66   115   37
115   37   85   66
85   66   115   66
85   37
145   95


12
149   95   174   95
174   95   149   57
149   57   146   95
146   95   149   91
149   91   145   95
145   95   149   92
149   92   127   95
127   95   147   98
147   98   149   103
149   103   155   95
155   95   149   129
149   129   149   95
127   57
174   129


21
197   66   197   59
197   59   205   60
205   60   204   66
204   66   197   70
197   70   206   66
206   66   201   70
201   70   197   71
197   71   201   70
201   70   200   66
200   66   197   75
197   75   194   66
194   66   197   75
197   75   193   71
193   71   189   66
189   66   197   64
197   64   188   66
188   66   191   61
191   61   197   59
197   59   192   66
192   66   197   53
197   53   197   66
188   53
206   75


5
236   53   236   96
236   96   266   53
266   53   236   10
236   10   206   53
206   53   236   53
206   10
266   96


7
278   75   276   88
276   88   298   77
298   77   279   70
279   70   331   81
331   81   278   66
278   66   206   68
206   68   278   75
206   66
331   88


5
301   91   298   118
298   118   313   92
313   92   304   64
304   64   289   90
289   90   301   91
289   64
313   118


5
317   93   314   120
314   120   345   96
345   96   320   66
320   66   289   90
289   90   317   93
289   66
345   120


5
282   122   281   130
281   130   343   128
343   128   283   114
283   114   221   117
221   117   282   122
221   114
343   130


5
281   158   279   171
279   171   336   163
336   163   282   145
282   145   227   153
227   153   281   158
227   145
336   171


5
282   136   281   151
281   151   330   140
330   140   283   121
283   121   234   132
234   132   282   136
234   121
330   151


7
281   176   281   182
281   182   303   178
303   178   309   176
309   176   281   171
281   171   253   176
253   176   259   173
259   173   281   176
253   171
309   182


5
350   104   349   114
349   114   357   105
357   105   351   93
351   93   343   104
343   104   350   104
343   93
357   114


5
279   187   279   200
279   200   326   187
326   187   279   174
279   174   232   187
232   187   279   187
232   174
326   200


9
292   204   292   219
292   219   306   204
306   204   292   200
292   200   306   204
306   204   292   208
292   208   298   204
298   204   292   189
292   189   258   204
258   204   292   204
258   189
306   219


5
279   224   279   248
279   248   306   224
306   224   279   200
279   200   252   224
252   224   279   224
252   200
306   248


7
317   223   317   249
317   249   326   223
326   223   317   210
317   210   320   223
320   223   317   209
317   209   305   223
305   223   317   223
305   209
326   249


7
318   252   318   258
318   258   323   252
323   252   318   254
318   254   325   252
325   252   318   244
318   244   306   252
306   252   318   252
306   244
325   258


13
241   260   241   277
241   277   251   260
251   260   241   257
241   257   278   260
278   260   241   263
241   263   245   260
245   260   241   257
241   257   259   260
259   260   241   249
241   249   182   260
182   260   241   257
241   257   231   260
231   260   241   260
182   249
278   277


7
241   284   241   308
241   308   256   284
256   284   241   276
241   276   260   284
260   284   241   268
241   268   207   284
207   284   241   284
207   268
260   308


5
279   284   279   300
279   300   313   284
313   284   279   268
279   268   245   284
245   284   279   284
245   268
313   300


5
279   306   279   321
279   321   311   306
311   306   279   291
279   291   247   306
247   306   279   306
247   291
311   321


5
249   321   276   321
276   321   249   308
249   308   222   321
222   321   249   334
249   334   249   321
222   308
276   334


10
278   326   286   326
286   326   278   334
278   334   280   326
280   326   278   334
278   334   281   326
281   326   278   331
278   331   273   330
273   330   270   326
270   326   278   301
278   301   278   326
270   301
286   334


7
254   325   254   336
254   336   264   325
264   325   254   335
254   335   264   325
264   325   254   304
254   304   234   325
234   325   254   325
234   304
264   336


5
218   317   218   328
218   328   233   317
233   317   218   306
218   306   203   317
203   317   218   317
203   306
233   328


17
217   336   241   336
241   336   217   339
217   339   223   336
223   336   217   339
217   339   221   336
221   336   217   347
217   347   210   336
210   336   217   344
217   344   187   336
187   336   217   328
217   328   210   336
210   336   217   325
217   325   221   336
221   336   217   333
217   333   223   336
223   336   217   333
217   333   217   336
187   325
241   347


17
128   336   152   336
152   336   128   339
128   339   134   336
134   336   128   339
128   339   132   336
132   336   128   347
128   347   121   336
121   336   128   344
128   344   98   336
98   336   128   328
128   328   121   336
121   336   128   325
128   325   132   336
132   336   128   333
128   333   134   336
134   336   128   333
128   333   128   336
98   325
152   347


8
193   368   193   376
193   376   197   368
197   368   195   370
195   370   195   366
195   366   206   368
206   368   193   360
193   360   172   368
172   368   193   368
172   360
206   376


8
176   368   176   376
176   376   172   368
172   368   174   370
174   370   174   366
174   366   163   368
163   368   176   360
176   360   197   368
197   368   176   368
163   360
197   376


5
147   265   147   277
147   277   180   265
180   265   147   253
147   253   114   265
114   265   147   265
114   253
180   277


5
200   265   200   277
200   277   233   265
233   265   200   253
200   253   167   265
167   265   200   265
167   253
233   277


5
65   234   65   248
65   248   102   234
102   234   65   220
65   220   28   234
28   234   65   234
28   220
102   248


5
28   219   28   228
28   228   52   219
52   219   28   209
28   209   4   219
4   219   28   219
4   209
52   228


21
88   299   88   307
88   307   75   299
75   299   88   303
88   303   127   299
127   299   88   295
88   295   99   299
99   299   88   295
88   295   92   299
92   299   88   318
88   318   63   299
63   299   88   303
88   303   112   299
112   299   88   308
88   308   32   299
32   299   88   290
88   290   118   299
118   299   88   295
88   295   51   299
51   299   88   276
88   276   111   299
111   299   88   299
32   276
127   318


13
91   295   91   303
91   303   129   295
129   295   91   254
91   254   57   295
57   295   88   291
88   291   80   295
80   295   91   325
91   325   100   295
100   295   92   298
92   298   122   295
122   295   91   299
91   299   60   295
60   295   91   295
57   254
129   325


9
78   258   69   258
69   258   78   262
78   262   71   258
71   258   78   268
78   268   82   258
82   258   78   274
78   274   90   258
90   258   78   228
78   228   78   258
69   228
90   274


5
42   308   42   333
42   333   54   308
54   308   42   283
42   283   30   308
30   308   42   308
30   283
54   333


5
28   295   28   303
28   303   56   295
56   295   28   287
28   287   0   295
0   295   28   295
0   287
56   303


8
37   285   31   290
31   290   43   289
43   289   42   283
42   283   41   285
41   285   37   281
37   281   33   285
33   285   32   282
32   282   37   285
31   281
43   290


5
26   274   26   284
26   284   57   274
57   274   26   264
26   264   -5   274
-5   274   26   274
-5   264
57   284


5
33   260   33   272
33   272   56   260
56   260   33   248
33   248   10   260
10   260   33   260
10   248
56   272


13
31   163   31   193
31   193   56   163
56   163   31   159
31   159   42   163
42   163   31   167
31   167   42   163
42   163   31   146
31   146   20   163
20   163   31   169
31   169   21   163
21   163   31   144
31   144   5   163
5   163   31   163
5   144
56   193


5
31   133   31   161
31   161   81   133
81   133   31   105
31   105   -19   133
-19   133   31   133
-19   105
81   161


13
47   115   47   118
47   118   34   115
34   115   47   119
47   119   62   115
62   115   47   123
47   123   71   115
71   115   47   110
47   110   51   115
51   115   47   110
47   110   43   115
43   115   47   110
47   110   21   115
21   115   47   115
21   110
71   123


15
34   96   34   106
34   106   49   96
49   96   34   101
34   101   65   96
65   96   34   87
34   87   27   96
27   96   34   86
34   86   30   96
30   96   34   106
34   106   20   96
20   96   34   86
34   86   29   96
29   96   34   100
34   100   18   96
18   96   34   96
18   86
65   106


5
40   82   40   92
40   92   88   82
88   82   40   72
40   72   -8   82
-8   82   40   82
-8   72
88   92


5
50   71   50   79
50   79   100   71
100   71   50   63
50   63   0   71
0   71   50   71
0   63
100   79


9
50   57   50   66
50   66   100   57
100   57   50   48
50   48   44   57
44   57   54   44
54   44   35   57
35   57   54   70
54   70   13   57
13   57   50   57
13   44
100   70


5
278   38   278   64
278   64   288   38
288   38   278   13
278   13   268   37
268   37   278   38
268   13
288   64


7
291   31   292   65
292   65   305   32
305   32   291   11
291   11   295   31
295   31   291   17
291   17   272   30
272   30   291   31
272   11
305   65


5
286   26   310   26
310   26   286   0
286   0   262   26
262   26   286   52
286   52   286   26
262   0
310   52


5
149   312   175   312
175   312   149   283
149   283   123   312
123   312   149   341
149   341   149   312
123   283
175   341


5
193   283   193   310
193   310   226   283
226   283   193   256
193   256   160   283
160   283   193   283
160   256
226   310


7
175   173   179   169
179   169   187   173
187   173   179   177
179   177   171   177
171   177   163   173
163   173   171   169
171   169   175   173
163   169
187   177


13
189   142   187   143
187   143   187   143
187   143   187   141
187   141   187   141
187   141   189   139
189   139   189   139
189   139   191   141
191   141   191   141
191   141   191   143
191   143   191   143
191   143   189   144
189   144   189   144
189   144   189   142
187   139
191   144


5
176   350   176   376
176   376   193   350
193   350   176   324
176   324   159   350
159   350   176   350
159   324
193   376


5
210   164   210   180
210   180   230   164
230   164   210   148
210   148   190   164
190   164   210   164
190   148
230   180


5
152   173   152   179
152   179   169   173
169   173   152   167
152   167   135   173
135   173   152   173
135   167
169   179


5
275   205   275   220
275   220   289   205
289   205   275   190
275   190   261   205
261   205   275   205
261   190
289   220


5
41   205   41   214
41   214   51   205
51   205   41   196
41   196   31   205
31   205   41   205
31   196
51   214


5
108   244   108   252
108   252   163   244
163   244   108   236
108   236   53   244
53   244   108   244
53   236
163   252


5
205   244   205   252
205   252   265   244
265   244   205   236
205   236   145   244
145   244   205   244
145   236
265   252


7
224   367   224   390
224   390   247   371
247   371   244   372
244   372   232   370
232   370   224   332
224   332   173   367
173   367   224   367
173   332
247   390


7
139   367   139   387
139   387   108   374
108   374   118   375
118   375   112   378
112   378   139   321
139   321   218   367
218   367   139   367
108   321
218   387


5
279   374   279   402
279   402   292   380
292   380   279   342
279   342   266   372
266   372   279   374
266   342
292   402


7
176   58   176   96
176   96   182   63
182   63   183   58
183   58   182   53
182   53   176   20
176   20   157   58
157   58   176   58
157   20
183   96


7
181   49   176   54
176   54   200   49
200   49   177   44
177   44   181   35
181   35   171   49
171   49   181   63
181   63   181   49
171   35
200   63
